   0.0000000000000000        8.7935353045927851     
  0.10000000149011612        9.8645725522429952     
  0.20000000298023224        12.746522103562077     
  0.30000001192092896        13.190370457691607     
  0.40000000596046448        14.219502521624552     
  0.50000000000000000        18.246834264871914     
  0.60000002384185791        23.896054113150146     
  0.69999998807907104        28.201675050859958     
  0.80000001192092896        45.597431557150585     
  0.89999997615814209        88.305556364315038     
  0.94999998807907104        183.34543690185720     
