   0.0000000000000000        9.9637704637806959     
  0.10000000149011612        11.506583911312999     
  0.20000000298023224        13.047265176626771     
  0.30000001192092896        15.438820771793203     
  0.40000000596046448        15.733733659807218     
  0.50000000000000000        21.424916097455672     
  0.69999998807907104        38.611757898114142     
  0.80000001192092896        53.886396360439072     
  0.89999997615814209        108.88831712487831     
  0.94999998807907104        202.50931564684473     
