   0.0000000000000000        9.1882744528134754        9.4062804284617805        9.4021994545477856     
   5.0000000745058060E-002   10.238832692363268        10.510762131438973        10.504765194738084     
  0.10000000149011612        10.999527460016457        11.314400053178529        11.306754100997063     
  0.20000000298023224        12.642264987646540        13.061216141076681        13.049081352404045     
  0.30000001192092896        14.635009063091911        15.201317513680459        15.181743800433855     
  0.40000000596046448        17.136860063066656        17.920192545296850        17.887808657958768     
  0.50000000000000000        20.666928965730857        21.821910852131005        21.762920177698348     
  0.60000002384185791        26.039114914857677        27.912192783292987        27.788369162775535     
  0.69999998807907104        34.994905717637465        38.505580962590173        38.183002345627166     
  0.80000001192092896        52.108329328460165        60.478004195370218        59.281460452103190     
  0.89999997615814209        104.51979732770263        149.10818668643790        134.64502622186112     
    
