   0.0000000000000000        11.471132865569331     
  0.10000000149011612        19.414739715954799     
  0.20000000298023224        33.895551975979600     
  0.30000001192092896        31.534501686109522     
  0.40000000596046448        33.156744488381435     
  0.50000000000000000        45.577391997934740     
  0.60000002384185791        83.779534432063457     
  0.69999998807907104        83.051907155136590     
  0.80000001192092896        140.86971289832428     
  0.89999997615814209        294.96856241435796     
  0.94999998807907104        565.08640440067461     
