  0.94999998807907104        208.51500181140631     
   0.0000000000000000        8.3120529471544415     
  0.10000000149011612        10.082845510342336     
  0.20000000298023224        13.654675187238043     
  0.30000001192092896        14.111867545749858     
  0.40000000596046448        15.117217368589285     
  0.50000000000000000        19.646423605250625     
  0.60000002384185791        26.604923832104525     
  0.69999998807907104        31.283448968594890     
  0.80000001192092896        52.309478785307846     
  0.89999997615814209        99.986802970517715     
