   0.0000000000000000        15.734170517470913       0.12924898850008282     
  0.90000000000000002        392.53761917555130        25.336719897581382     
  0.80000000000000004        190.06498057355904        12.802025102214017     
  0.69999999999999996        123.39037476576421        8.1202940163196793     
  0.65000000000000002        104.11184614705381        7.6719388783179836     
  0.59999999999999998        87.908174024260418        5.4579955053030167     
  0.55000000000000004        77.763755522048115        5.1466145377125629     
  0.50000000000000000        66.865078230193788        4.1672827030387269     
  0.45000000000000001        60.465510723129697        3.7716812654049652     
  0.40000000000000002        52.750194047332940        3.0484834118617390     
  0.34999999999999998        48.149582881144241        2.9150290695275562     
  0.29999999999999999        43.150012198982409        2.6947304519930353     
  0.25000000000000000        38.727399708474920        2.3590781153324842     
  0.20000000000000001        34.714311619410310        1.9957926255144818     
  0.14999999999999999        30.669390526081891        1.6031169738619873     
  0.10000000000000001        27.230715603486860        1.3740104592499591     
   5.0000000000000003E-002   23.653004945653716        1.0118401142465703     
  0.84999999999999998        260.54297357082680        17.059917945815968     
  0.75000000000000000        152.38015061626680        10.364625603893462     
   0.0000000000000000        2.9764738966266018        0.0000000000000000     
   0.0000000000000000        5.4482794320228658        0.0000000000000000     
