  0.10000000149011612        28.566841932177248       0.17671606486721025     
  0.20000000298023224        34.372715323382373       0.12266146689223237     
  0.30000001192092896        46.340526888219919       0.35126957718832996     
  0.40000000596046448        52.706671516476284       0.44789808632758221     
  0.50000000000000000        67.153219216394760       0.60958836798554816     
  0.50000000000000000        67.153219216394760       0.60958836798554816     
  0.60000002384185791        92.057761857283566       0.38077295661097571     
  0.60000002384185791        92.057761857283566       0.38077295661097571     
  0.69999998807907104        120.57586313775039       0.64541197963111707     
  0.80000001192092896        211.23518744597922        2.7906884785386654     
  0.89999997615814209        391.54521732103126        2.1390175039483807     
   0.0000000000000000        18.647884525242784        1.6403691373284731E-002
   0.0000000000000000        18.647884525242784        1.6403691373284731E-002
