   0.0000000000000000        15.754337437629653        1.5959731534713736E-002
   5.0000000000000003E-002   24.190761938369832       0.13246399547474871     
  0.10000000000000001        27.085901828188987       0.15172142793703502     
  0.14999999999999999        29.092975247453410       0.19887539952089567     
  0.20000000000000001        34.444494652464655       0.14695329877358732     
  0.25000000000000000        44.330971043631124       0.57745157893302457     
  0.29999999999999999        45.563672141498152       0.39932226705638357     
  0.40000000000000002        50.953528415026767       0.30526815921136802     
  0.50000000000000000        67.033757004049050       0.53718898800816628     
  0.59999999999999998        95.195185002609463       0.87036101972873481     
  0.69999999999999996        121.95670912029486       0.85904939970960215      
  0.80000000000000004        217.41382287383925        3.5942235787577728     
  0.90000000000000002        401.90089210165354        3.5051445971557427     
   
