  -1.0586915886960924      -0.44215685687959194       -1.8180309957824647                3
   3.4147507767193019       0.20267128711566329        3.4840744640678167                0
  0.80471093999221921      -0.82307331496849656        1.7759015527553856                3
   5.4479576647281647E-002 -0.86012333631515503       -3.2559096696786582                0
 -0.20556136267259717       -1.3981118658557534        2.2143645328469574                0
   1.7118157143704593        1.1739201215095818        2.1967343077994883                0
  0.30485668685287237        3.3909763861447573       -1.3744849595241249                0
  -3.5245079430751503       -1.5168419573456049       -2.7781084040179849                0
  -1.1319519556127489       0.16895708627998829        3.4380481275729835                0
   1.4772332459688187       -1.0395149979740381       -1.4112594677135348                0
   4.3342074262909591      -0.69369805045425892       -1.0045849438756704                0
   1.7705284291878343       -3.0162562639452517       -2.8505750908516347                0
 -0.85385353770107031        2.8792751673609018       -1.8318652221933007                0
 -0.18293700180947781        3.3231678884476423       -2.6325220451690257                0
  0.13625717954710126       -2.0415030024014413        1.9515716307796538                0
   1.5011222148314118        2.8506408981047571       -3.0194452614523470                0
  -9.9149832967668772E-002  -1.0447440017014742        3.5560557572171092                0
 -0.41302310535684228      -0.97442175494506955        3.9466551248915493                0
  -2.6550005888566375        2.6114704995416105        2.4380669742822647                0
   4.2894637957215309       0.59196740156039596       -2.5804014876484871E-003           0
  -1.8328517139889300        3.0690266331657767      -0.39145942311733961                0
 -0.50185929983854294        2.7703265612944961       0.23633919423446059                3
   1.3411622494459152E-002  0.28497646097093821       0.32793971942737699                2
  -1.1966194235719740       0.97666068468242884       0.78863690607249737                2
  -3.5572370793670416      -0.44605461414903402        1.3166906032711267                0
 -0.40739441523328424       -2.1178042516112328E-003  -1.2404818274080753                3
   3.0247436300851405       -2.8173172799870372       0.85081154480576515                0
   1.5241880761459470       -1.6770653403364122        3.4544560220092535                0
   1.5280404011718929        8.5968477651476860E-003  -2.0957077667117119                0
   2.8833939461037517        2.3749486217275262        2.0488911890424788                0
   1.5736243128776550        4.2498293425887823       -1.2218096246942878                0
  -2.9151270561851561       -1.7392323981039226       -2.2101502842269838                0
   2.8796018147841096       -2.8277164045721292        2.2783500468358397                0
   4.0424362639896572        1.2999294628389180        1.6743890289217234                0
  -1.5477257128804922       -2.3145837429910898       -3.2114399364218116                0
  -1.6440087370574474        1.7239845800213516       -3.4508407581597567                0
  -1.1775256856344640        1.9241050467826426      -0.64574728254228830                0
   3.3362788567319512        1.0690473066642880        3.4158300585113466                0
 -0.33486191416159272       0.54608761798590422       0.83395559806376696                2
   3.9308277913369238      -0.45387028250843287        1.0340538853779435                0
   1.1438729800283909      -0.42061009444296360       -2.3093992751091719                0
  0.15636457130312920       -1.0384999029338360        1.0174526530317962                2
  -1.7863211501389742      -0.53297918289899826      -0.11530833085998893                3
   2.8039291943423450       -2.1790237305685878       -6.2263035215437412E-002           0
  -1.4258209872059524       -9.6568458247929811E-002 -0.74482065392658114                2
   4.1814408171921968       0.30115560628473759        1.2766202748753130                0
  -1.0918806772679090      -0.84094051737338305       0.24347285972908139                3
 -0.81608202774077654       -8.7072702590376139E-002  -2.7469012420624495E-002           2
   1.4785112487152219        3.8890403625555336       0.17009682254865766                0
  0.95456963172182441        4.1019931971095502      -0.65591841004788876                0
 -0.43654878623783588       -2.2022364544682205       -4.2636086489073932                0
  -1.1769767152145505       0.48019202891737223       -2.6312567270360887                0
  -1.7926614405587316       -3.7123081041499972       -2.0313623221591115                0
  -1.8023276864551008        2.3960538208484650       0.82197484094649553                1
  -1.9844824634492397        3.6029979563318193        1.6295098164118826                0
  -1.9449012400582433        2.2742091002874076       0.19428597297519445                3
   1.2735324772074819       -3.3298437017947435      -0.94163808273151517                0
   3.1371144484728575       0.54668552707880735        1.4622711995616555                0
  -3.2788517372682691       -2.2752453573048115       -1.6936600278131664                0
  -1.7519525461830199        3.2480477355420589        3.2028948469087481                0
   2.9896030272357166        2.4280847096815705        2.2297808900475502                0
 -0.64161475514993072       -2.5301712285727262        2.8692196495831013                0
 -0.42207855032756925       -7.1926093660295010E-002   4.0906340721994638                0
 -0.29125952394679189        3.4487145487219095       -1.8570071738213301                0
  0.72160153649747372       0.54658588720485568       0.37682272493839264                2
  -1.3597746216692030       -2.9963646363466978        1.6604171739891171                0
  -1.0104626347310841        2.2603990044444799        2.4074016138911247                0
  -1.5929342596791685        2.5989346997812390        1.2052339734509587                1
   2.1936078113503754       -6.8794707767665386E-002  -3.0399096268229187                0
   2.2859411174431443        1.2044048309326172      -0.90130486525595188                0
   2.4893687199801207       -3.5057364031672478       -2.3197459219954908                0
 -0.52241805242374539        2.7133004390634596      -0.29682466993108392                0
   1.6223278921097517       0.61294547282159328        4.1132217249833047                0
  -3.8674363587051630       0.99966595182195306        2.4844864732585847                0
   2.7446642145514488       -3.8338574976660311       0.40378581266850233                0
  0.90125326998531818        1.5856046648696065        3.3231305074878037                0
   3.7072806409560144       -7.9382583498954773E-002   2.7999753016047180                0
 -0.88382064597681165       -1.5877959295175970        1.5455409116111696                3
 -0.78315642196685076       -3.9228350040502846        2.3739521764218807                0
  -1.8236685381270945       -6.7680135834962130E-002  -3.6424814164638519                0
  -1.0953290667384863       0.37567379651591182       -1.9432179350405931                0
  0.98528599599376321       -2.8166572051122785        2.4387161061167717                0
 -0.86837555281817913        3.7676443252712488        1.6255639609880745                0
   1.7807095707394183       -3.3837432367727160       -1.8325357232242823E-002           0
  -2.1030277153477073       -2.4586700275540352       -1.2987265991978347                0
  -1.6982052032835782       0.43451202102005482       -1.7748776148073375                0
   3.7428858759813011       -1.7265072953887284       0.43051055865362287                0
  -2.4206376867368817        8.4772875998169184E-002  -3.1088085100054741                0
  0.46288297744467854        1.2509373202919960       0.74082500068470836                2
 -0.33393357880413532       -2.6774951885454357        3.0548665043897927                0
 -0.21838614484295249       -2.0813965471461415       -2.3612101236358285                0
  -3.1455808063037694        2.7974581089802086       -2.4613218591548502                0
  -2.6140300696715713        2.4891763459891081        1.5129321767017245                0
  -2.8673997474834323       -1.2091988464817405       -3.5201585828326643                0
  -4.9347546044737101        1.6988574061542749E-002 -0.20053346641361713                0
  0.55597614264115691       -4.0554213896393776       -1.5996730350889266                0
 -0.11940337251871824       -2.1042796247638762       0.30715666478499770                0
   1.1018651374615729       -3.4385619987733662       0.12645466951653361                0
   3.0660968413576484        1.1784852761775255       -2.2476965654641390                0
  0.31540737487375736        4.1897032130509615      -0.44597932370379567                0
