   0.0000000000000000        9.1882744528134754        9.4062804284617805        9.4021994545477856     
  0.94999998807907104        209.37466000113622                            NaN   340.71920031921621     
  0.50000000000000000        20.666928965730857        21.821910852131005        21.762920177698348     
  0.40000000596046448        17.136860063066656        17.920192545296850        17.887808657958768     
  0.30000001192092896        14.635009063091911        15.201317513680459        15.181743800433855     
  0.20000000298023224        12.642264987646547        13.061216141076693        13.049081352404009     
  0.10000000149011612        10.999527460016454        11.314400053178510        11.306754100997114     
  0.60000002384185791        26.039114914857670        27.912192783293023        27.788369162775197     
  0.69999998807907104        34.994905717637458        38.505580962590244        38.183002345626889     
  0.80000001192092896        52.108329328460215        60.478004195370190        59.281460452101889     
  0.89999997615814209        104.51979732770263        149.10818668643776        134.64502622185464     
